23 23 23 23 23 23  9  9  9  1  1  6  6  6  6  6  6  3 26 26  4  4  9  9  9  9  9  9  9  9  9  9  9  9  9  9  9 14 14 14 14 14  9  9  9  9 55 29 29 29 29 29 29 29 29 29 29 29 29 29  9  9  9  9  9  9  9 23 23 23 23 23 23 23 23 23 23 23 23 23 23 23 23 23  9  9  9  9  9  9  9  9  9  9  9  9  9  9 23  9 
23 23 23 23 23 23 23  9 23  1  1  6  6  6  6  6  1 26  4 26  4  4  9  9  9  9  9  9  9  9  9  9  9  9  9  9  9 14 14 14 14  9  9  9  9  9 55 29 29 29 29 29 29 29 29 29 29 29 29 55  9  9  9  9  9  9 23 23 23 23 23 23 23 23 23 23 23 23 23 23 23  9 23  9  9  9  9  9  9  9  9  9  9  9 23  9  9  9 23  9 
23 23 23 23 23 23  9  9  1  1  1  1  6  6  6  1  1  1 26  4  4  9  9  9  9  9  9  9  9  9  9  9  9  9  9  9  9 14 14 14 14 14 14  9  9  9  9 55 29 29 29 29 29 29 29 29 29 29 29  9  9  9  9  9  9  9  9 23 23 23 23 23 23 23 23 23 23 23 23 23 23 23 23  9  9  9  9  9  9  9  9  9  9  9  9  9 23  9 23  9 
23 23 23 23 23  9 23  9  1  1  1  1  4  4  9  9  1  9  4  9 22 22 55 55  9  9  9  9  9  9  9  9  9  9  9  9  9  9  9 14 14 14  9  9  9  9  9 14 14 29 29 29 29 29 29 29 29 29 55  9  9  9  9  9  9  9  9  9 23 23 23 23 23 23 23 23 23 23 23 23 23 23  9  9  9  9  9  9  9  9  9  9 23  9 23 23 23 23 23  9 
23 23 23 23 23  9  9  1  1  1  1  1  4  4  9  9  9  9  9 22 22 55 55 55  9  9  9  9  9  9  9  9  9  9  9  9  9  9  9 14 14 14  9  9  9  9  9 14 14 14 14 29 29 29 29 29 29  2  9  9  9  9  9  9  9  9  9  9  9  9 23 23 23 23 23 23 23 23 23 23 23 23 23 23 23  9  9  9  9  9  9  9  9  9  9  9  9  9 23 23 
23 23 23 23  9  9  1  1  1  1  1  1  1  1  1 22 26 26  9  3 55 55 55 55 55  9  9  9  9  9  9  9  9  9  9  9  9  9  9  9  9 14  9  9  9  9  9  9 14 14 14 14 69 69 29 29  2  2  9  9  9  9  9  9  9  9  9  9  9  9 23  9 23 23 23 23 23 23 23 23 23 23 23  9  9  9  9  9  9  9  9  9 23 23  9  9 23 23 23 23 
23 23 23  9  9  9  1  1  1  1  1  1  1  1  1 22 22  8 26 22 22 55 55 55 55 55  9  9  9  9  9  9  9  9  9  9  9  9  9  9  9  9  9 14  9 14  9 14 14 14 14 14 14 14 69  2  9  9  9  9 23  9  9  9  9  9  9  9  9  9  9  9  9  9  9 23 23 23 23  9 23  9  9  9  9  9  9  9  9  9  9  9  9  9 23 23 23 23 23 23 
 9  9  9  9  9  9  1  1  1  1  1  1  1  1  1 22 22  8  8 22 22 55 55 55 55 55 55  9  9  9  9  9  9  9  9  9  9  9  9  9  9  9  9  9 14 14 14 14 14 14 14 14 14 14 14  9  9  9 23 23 23 23 23 23  9  9  9  9  9  9  9  9  9  9  9  9 23 23 23  9  9  9  9  9  9  9  9  9  9  9  9  9  9 23 23 23 23 23 23 23 
 9  9  9  9  4  1  1  1  1  1  1  1  1 22 22 22 22  8  8 22  2 22 22 55 22 30 30 55  9  9  9  9  9  9  9  9  9  9  9  9  9  9  9  9  9  9 14 14 14 14 14 14 14  9  9  9  9 23 23 23 23 23 23 23 23 23  9  9  9  9  9  9  9  9  9  9  9  9  9  9  9  9  9  9  9  9  9  9  9  9  9  9  9  9  9  9 23 23 23 23 
 9  9 14  4  4  4  1 26 26 26  4  4 22 22 22 26 22 26 57 22 22 22 22 22 22 30 30 55 30  1  9  9  9  9  9  9  9  9  9  9  9  9  9  9  9  9  9  9 14  9 14  9 14  9  9  9 23 23 23 23 23 23 23 23 23 23 23 23  9  9  9  9  9  9  9  9  9  9  9  9  9  9  9  9  9  9  9  9  9  9  9  9  9  9  9  9 23 23 23 23 
55 55 14 26 26 26 26 26 26 26  4 26 22 22 22 22 22 57 57 22 22 22 22 22 22 30 30 30 30 30 30  1  9  9  9  9  9  9  9  9  9  9  9  9  9  9  9  9  9  9  9  9  9  9  9  9 23 23 23 23 23 23 23 23 23 23 23 23 23 23  9  9  9  9  9  9  9  9  9  9  9  9  9  9  9  9  9  9  9  9  9  9  9  9  9  9  9  9 23  9 
69  3 26 26 26 26 26 26 26 26  4 26 22 22 22 22 22 22 22 22 22 22 22 22 12 12 12 12 12 12 30 30 30  1  9  9  9  9  9  9  9  9  9  9  9  9  9  9  9  9  9  9  9  9  9  9 23 23 23 23 23 23 23 23 23 23 23 23 23 23 23  9  9  9  9  9  9  9  9  9  9  9  9  9  9  9  9  9  9  9  9  9  9  9  9  9 23  9  9  9 
69  3 26 26 26 26 26 26 26  4  4  4 22 22 22 22 22 22 22 22 22 22 22 22 12 12 12 12 12 12 12 12 30 30 30  1  9  9  9  9  9  9  9  9  9  9  9  9  9  9  9  9  9  9  9  9 23 23 23 23 23 23 23 23 23 23 23 23 23 23 23 23  9  9  9  9  9  9  9  9  9  9  9  9  9  9  9  9  9  9  9  9  9  9  9  9 23  9  9  9 
26 26 26 26 26 26 26 26  4 26  4  4 22 22 22 22 22 22 22 22 22 22 22 12 12 12 12 12 12 12 12 12 12 12 30 30 21  9  9  9  9  9  9  9  9  9  9  9  9  9  9  9  9  9  9 23 23 23 23 23 23 23 23 23 23 23 23 23 23 23 23 23 23  9  9  9  9  9  9  9  9  9  9  9  9  9  9  9  9  9  9  9  9  9  9  9  9  9  9  9 
26 26 26 26 26 26 26  4  4  9 26 22 22 22 22 22 22 22 22 22 22 22 22 22 22 12 12 12 12 12 12 12 12 12 12 30 30 30  1  9  9  9  9  9  9  9  9  9  9  9  9  9  9  9  9 23 23 23 23 23 23 23 23 23 23 23 23 23 23 23 23 23 23 23 23  9  9  9  9  9  9  9  9  9  9  9  9  9  9  9  9  9  9  9  9  9  9  9  9  9 
26 26 26 26 26 26 26  1  1  1 22 55 22 22 55 55 22 22 22 22 22 22 22 22 12 12 12 12 12 12 12 12 12 12 12 12 12 12 30 30 21  9  9  9  9  9  9  9  9  9  9  9  9  9  9 23 23 23 23 23 23 23 23 23 23 23 23 23 23 23 23 23 23 23 23 23  9  9  9  9  9  9  9  9  9  9  9  9  9  9  9  9  9  9  9  9  9  9  9  9 
26 26 26 26 26 26  1  1  1  1  1 22 22 22 22 22 55 22 22 22 22 22 22 22 12 12 12 12 12 12 12 12 12 12 12 12 12 12 12 12 30 21  1  9  9  9  9  9  9  9  9  9  9  9  9  9 23 23 23 23 23 23 23 23 23 23 23 23 23 23 23 23 23 23 23 23 23  9  9  9  9  9  9  9  9  9  9  9  9  9  9  9  9  9  9  9  9  9  9  9 
26 26 26 26 26 26 27 27  1 22  1 22 22 55 22 22 22 22 22 22 22 22 55 55 12 12 12 12 12 12 12 12 12 12 12 12 12 12 12 12 12 12 30 30  9  9  9  9  9  9  9  9  9  9  9  9 23 23 23 23 23 23 23 23 23 23 23 23 23 23 23 23 23 23 23 23 23 23 23  9 23 23  9  9  9  9  9  9  9  9  9  9  9  9  9  9  9  9  9  9 
26 26 26 26 26 26 26 26 22 22 22  9 22 22 22 22 22 22 22  9  9  9 55 55 55 22 12 12 12 12 12 12 12 12 12 12 12 12 12 12 12 12 30 30 30  9  9  9  9  9  9  9  9  9  9  9  9  9 23 23 23 23 23 23 23 23 23 23 23 23 23 23 23 23 23 23 23 23 23 23 23  9  9  9  9  9  9  9  9  9  9  9  9  9  9  9  9  9  9  9 
 3  3 26 26 26 26 26 26 26 22 22  9 55 22 55 22 22 22 22  9  9  9  9  9  9  9  9 55 12 12 12 12 12 12 12 12 12 12 12 12 12 12 12 30 30 30 30  9  9  9  9  9  9  9  9  9  9  9  9  9 23 23 23 23 23 23 23 23 23 23 23 23 23 23 23 23 23 23 23 23  9  9  9  9  9  9  9  9  9  9  9  9  9  9  9  9  9  9  9  9 
 3  3  9  9  9  4  9  9  9  9  9  9 55 55 22 22 22 22  9  9 14 14 14  9  9  9  9  9  9 55 12 12 12 12 12 12 12 12 12 12 12 12 12 12 30 30 30 55  9  9  9  9  9  9  9  9  9  9  9  9  9  9 23 23 23 23 23 23 23 23 23 23 23 23 23 23 23 23 23 23  9  9  9  9  9  9  9 14  9  9  9  9  9  9  9  9  9  9  9  9 
 3  1  1  9  9  9  9  9  9  9  9 55 55 22 22 22 22 22  9  9 14 14 14 14 14  9  9  9  9  9  9 12 12 12 12 12 12 12 12 12 12 12 12 12 30 30 30 30  9  9  9  9  9  9  9  9  9  9  9  9  9  9  9 23 23 23 23 23 23 23 23 23 23 23 23 23 23 23 23 23  9  9  9 14 14 14 14 14  9  9  9  9  9  9  9  9  9  9  9  9 
 3  1  3  9  9  9  9  9  9 22 55 55 55 55 55 22 22  9  9 14 14 14 14 14 14 14  9  9  9  9  9  9 55 12 12 12 12 12 12 12 12 12 12 12 30 30 30 22  9  9  9  9  9  9  9  9  9  9  9  9  9  9  9  9 23  9 23  9 23 23 23 23 23 23 23 23 23 23 23 23 23  1 14 14 14 14 14 14 14  9  9  9  9  9  9  9  9  9  9  9 
 3  3  1  1  4  9  9  9  9 55 55 55 55 55 55 55  9  9 14 14 14 14 14 14 14 14 14 14  9  9  9  9  9  9 55 55 12 12 12 12 12 12 12 12 30 30 30  9  9  9  9  9  9  9  9  9  9  9  9  9  9  9  9  9  9  9  9  9 23 23 23 23 23 23 23 23 23 23 23 23  1  1 14 14 14 14 14 14 14 14  9  9  9  9  9  9  9  9  9  9 
 3  3  3  9  9  9  9  9  9 55 55 55 55 55 55  9  9  9 14 14 14 14 14 14 14 14 14 14 14  9  9  9  9  9  9 55 55 55 12 12 12 12 12 30 30 30 22  9  9  9  9  9  9  9  9  9  9  9  9  9  9  9  9  9  9  9  9  9  9  9 23 23 23 23 23  9  9  9  9  1 14  1 14 14 14 14 14 14 14 14 14 14 14  9  9  9  9  9  9  9 
 3  3  3  3 23  3  9  9  9 55 55 55 55 55 55  9  9 14 14 14 14 14 14 14 14 14 14 14 14 14 14  9  9  9  9  9  9 55 55 12 12 12 30 30 30 55  9  9  9  9  9  9  9  9  9  9  9  9  9  9  9  9  9  9  9  9  9  9  9  9  9 23 23 23 23  9  9  9  9  1 14  1  1  1 14  1 14 14 14 14 14 14 14 14  9  9  9  9  9  9 
 3  3  3  3 23 23 23  9  9  9 55 55 55  9  9  9  9 14 14 14 14 14 14 14 14 14 14 14 14 14 14 14 14  9  9  9  9  9  9 55 55 22 30 30 30 55  9  9  9  9  9  9  9  9  9  9  9  9  9  9  9  9  9  9  9  9  9  9  9  9  9  9 23  9  9  9  9  9  9 10 10 10 10 10 14 14 14 14 14 14 14 14 14 14 14 14  9 14  9 14 
 3  3  3  3 23  3 23  3  9  9  1  9  9  9  9  9  9 14 14 14 14 14 14 14 14 14 14 14 14 14 14 14 14 14 14  9  9  9  9  9  9 55 55 55 55  9  9  9  9  9  9  9  9  9  9  9  9  9  9  9  9  9  9  9  9  9  9  9  9  9  9  9  9  9  9  9  9  9 10 10 10 10 10 10 10  1 14 14 14 14 14 14 14 14 14 14 14 14 14 14 
 3  3 23  3 23 23 23  9  9  9  9  9  9  9  9  9  9 14 14 14 14 14 14 14 14 14 14 14 14 14 14 14 14 14 14 14 14  9  9  9  9  9  9 55  9  9  9  9  9  9  9  9  9  9  9  9  9  9  9  9  9  9  9  9  9  9  9  9  9  9  9  9  9  9  9  9  9  9 10 10 10 10 10 10 10 10 14 14 14 14 14 14 14 14 14 14 14 14 14 14 
 3  3 23 23 23 23 23  3  9  9  1  9  9  9  9  9  9  9 14 14 14 14 14 14 14 14 14 14 14 14 14 14 14 14 14 14 14  9  9  9  9  9  9  9  9  9  9  9  9  9  9  9  9  9  9  9  9  9  9  9  9  9  9  9  9  9  9  9  9  9  9  9  9  9  9  9  9 10 10 10 10 10 10 10 10 10 10 10 14  1 14  1 14 14 14 14 14 14 14 14 
 3  3 23 23 23 23 23  9  9  1  1  9  9  9  9  9  9  9 23 23 23 14 14 14 14 14 14 14 14 14 14 14 14 14 14 14 14 14  9  9  9  9  9  9  9  9  9  9  9  9  9  9  9  9  9  9  9  9  9  9  9  9  9  9  9  9  9  9  9  9  9  9  9  9  9  9  9 10 10 10 10 10 10 10 10 10 10 10 10 10 14 14 14 14 14 14 14 14 14 14 
 1  3 23  3 23  3 69  3  1  1  1  9  9  9  9  9  9  9  9 23 23 23 23 14 14 14 14 14 14 14 14 14 14 14 14 14 14 14 14  9  9  9  9 55 55  9  9  9  9  9  9  9  9  9  9  9  9  9  9  9  9  9  9  9  9  9  9  9  9  9  9  9  9  9  9  9 14 14 10 10 10 10 10 10 10 10 10 10 10 10 10 14 14 14 14  1 14 14 14 14 
 1  1  1  3 23 69 26  1  1  1  9  9  9  9  9  9  9  9  9 23 23 23 23 23 10 14 14 14 14 14 14 14 14 14 14 14 14 14 14  9  9  9 55 55 55 55 55  9  9  9  9  9  9  9  9  9  9  9  9  9  9  9  9  9  9  9  9  9  9  9  9  9  9  9  9  9 14 14 14 10 10 10 10 10 10 10 10 10 10 10 10 10 10 14 14  1 14 14 14 14 
 1  1  1  3 69  8  1  1  1  1  9  9  9  9  9  9  9  9  9  9 23 23 23 23 23 23 14 14 14 14 14 14 14 14 14 14 14 14 14  9  9  9 55 55 55 55 55 55 55  9  9  9  9  9  9  9  9  9  9  9  9  9  9  9  9  9  9  9  9  9  9  9  9  9  9  9  9 14 14 14 14 14 10 10 10 10 10 10 10 10 10 10 10 10 10  1 14  1 14 14 
 1  1  1  1 69 26  1  1  9  9  9  9  9  9  9  9  9  9  9  9  9 23 23 23 23 23 23 10 14 14 14 14 14 14 14 14 14 14 14  9  9 55 55 55 55 55 55 55 55 55 55  9  9  9  9  9  9  9  9  9  9  9  9  9  9  9  9  9  9  9  9  9  9  9  9  9  9  9  9 14 14 14 14 14 10 10 10 10 10 10 10 10 10 10 10 10 10 10 14 14 
23  1 23 69 69  1  1  1  1  9  9  9  9  9  9  9  9  9  9  9  9  9  9  9 23 23 23 23 23 23 14 14 14 14 14 14 14 14 14  9 55 55 55 55 55 55 55 55 55 55 55 55 55  9  9  9  9  9  9  9  9  9  9  9  9  9  9  9  9  9  9  9  9 55 55 55  9  9  9  9 14 14 14 14 14 14 10 10 10 10 10 10 10 10 10 10 10 10 10 10 
23  1  1 69  1  1  1  1  9  9  9  9  9  9  9  9  9  9  9  9  9  9  9  9  9  9 23 23 23 23 23 10 14 14 14 14 14 14 14 55 55 55 55 55 55 55 55 55 55 55 55 55 55 55  9  9  9  9  9  9  9  9  9  9  9  9  9  9  9  9  9  9 55 55 55 55 55  9  9  9  9 14 14 14 14 14 14 14 14 10 10 10 10 10 10 10 10 10 10 10 
23  1  1  1  1  1  1  1  9  9  9  9  9  9  9  9  9  9  9  9  9  9  9  9  9  9  9  9 23 23 23 23 23 14 14 14 14 14  9 55 55 55 55 55 55 55 55 55 55 55 55 55 55 55 55 55  9  9  9  9  9  9  9  9  9  9  9  9  9  9  9 55 55 55 55 55 55 55 55  9  9  9 14 14 14 14 14 14 14 14 14 14 10 10 10 10 10 10 10 10 
 1  1  1  1  9  1  9  9  9  9  9  9  9  9  9  9  9  9  9  9  9  9  9  9  9  9  9  9  9  9 23  9 23  9 23 14 14  9 55 55 55 55 55 55 55 55 55 55 55 55 55 55 55 55 55 55 55 55  9  9  9  9  9  9 14 14  9  9  9  9  9 55 55 55 55 55 55 55 55 55  9  9  9  9  9 14 14 14 14 14 14 14 10 10 10 10 10 10 10 10 
 1  9  9  1  1  9  9  9  9  9  9  9  9  9  9  9  9  9  9  9  9  9  9  9  9  9  9  9  9  9  9  9  9  9  9  9  9  9 55 55 55 55 55 55 55 55 55 55 55 55 55 55 55 55 55 55 55 55 55  1  9  9  9  9 14 14  9  9  9  9 55 55 55 55 55 55 55 55 55 55 55 55 55  9  9  9 14 14 14 14 14 14 14 10 10 10 10 10 14 14 
 9  9  9  1  9  9  9  9  9  9 23  9  9  9 23 23 23  9 53  9  9  9  9  9  9  9  9  9  9  9  9  9  9  9  9  9  9 55 55 55 55 55 55 55 55 55 55 55 55 55 55 55 55 55 55 55 55 55 55 55 55  9  9  9 14 14 14  9  9  1 55 55 55 55 55 55 55 55 55 55 55 55 55 55  9  9  9  9 14 14 14 14 14 14 10 10 10 14 14 14 
 9  1  1  1  9  9  9  9  9  9  9  9  9  9 23 23 23 23  9  9  9  9  9  9  9  9  9  9  9  9  9  9  9  9  9  9  9  9 55 55 55 55 55 55 55 55 55 55 55 55 55 55 55 55 55 55 55 55 55 55 55 55 55  9  9  9  9  9  9  1 55 55 55  2  2 55  2  2 55 55 55 55 55 55 55 55  9  9  9 14 14 14 14 14 14 14 14 14 14  1 
 9  9  9  9  9  9  9  9  9  9 23 23 23 23 23 23 23 23 23 23 23  9  9  9  9  9  9  9  9  9  9  9  9  9  9  9  9  9 55 55 55 55 55 55 55 55 55 55 55 55 55 55 55 55 55 55 55 55 55 55 55 55 55 55 55  9  9  9  1  1 55 55 55  2 55  2  2  2 55 55 55 55 55 55 55 55 41  9  9  9  9  9 14 14 14 14 14 14 14  9 
 9  9  9  9  9  9  9  9  9  9 23 23 23 23 23 23 23 23 23 23 23  9  9  9  9  9  9  9  9  9  9  9  9  9  9  9  9  9  9  9 55 55 55 55 55 55 55 55 55 55 55 55 55 55 55 55 55 55 55 55 55 55 55 55 55 55 55  1  1  1  1  1  2  2  2  2  2  2  2  2  2  2 55 55 55 55 55 55 55  9  9  9  9 14 14 14 14 14  9  9 
 9  9  9  9  9  9  9  9  9  9  9 23 23 23 23 23 23 23 23 23  9  9  9  9  9  9  9  9  9  9  9  9  9  9  9  9  9  9  9  9  9  9 55 55 55 55 55 55 55 55 55 55 55 55 55 55 55 55 55 55 55 55 55 55 55 55 55 55  1  1  1  1  2  2 41  2  2  2  2  2  2  2 55 55 55 55 55 55 55 55 41  9  9  9 14 14 14  9  9  9 
 9  9  9  9  9  9  9  9  9  9  9 23 23 23 23 23 23 23 23 23  9  9 23  9  9  9  9  9  9  9  9  9  9  9  9  9  9  9  9  9  9  9  9  9 55 55 55 55 55 55 55 55 55 55 55 55 55 55 55 55 55 55 55 55 55 55 55 55 41 41  1  1  2  2 41  2  2  2  2  2  2  2  2 55  2 55 55 55  2  2  2 55 55  9  9  9  9  9  9  9 
 9  9  9  9  9  9  9  9  9  9  9  9  9  9 23 23 23 23 23  9 23  9 23  9  9  9  9  9  9  9  9  9  9  9  9  9  9  9  9  9  9  9  9  9  9 55 55 55 55 55 55 55 55 55 55 55 55 55 55 55 55 55 55 55 55 55 55  8  8  9 41  1  1  1 41  2  2  2  2  2  2  2  2  2 41 55 55 55 55 55 41 55 55  9  9  9  9  9  9  9 
 9  9  9  9  9  9  9  9  9  9  9  9  9  9  9 23 23 23 23 23 23  9  9  9  9  9  9  9  9  9  9  9  9  9  9  9  9  9  9  9  9  9  9  9  9  9  9 55 55 55 55 55 55 55 55 55 55 55 55 55 55 55 55 55 55 55  8  8  8  8  8  8  8 41 41  2  2  2  2  2  2  2  2  2 41 41  2 55 55 55 41 55 55 55  9  9  9  9  9  9 
 9  9  9  9  9  9  9  9  9  9  9  9  9  9  9  9  9  9  9  9 23  9  9  9  9  9  9  9  9  9  9  9  9  9  9  9  9  9  9  9  9  9  9  9  9  9  9  9  9 55 55 55 55 55 55 55 55 55 55 55 55 55 55 55 55  8  8  8  8  8  8  8  8  8  8 41 41  2  2  2  2  2 41 41 41 41 41 41 41 41 41 41 55 55  9  9  9  1  1  1 
 9  9  9  9  9  9  9  9  9  9  9  9  9  9  9  9  9  9  9  9  9  9  9  9  9  9  9  9  9  9  9  9  9  9  9  9  9  9  9  9  9  9  9  9  9  9  9  9  9  9 55 55 55 55 55 55 55 55 55 55 55 55 55 55  8  8  8  8  8  8  8  8  8  8  8  8 41 41 41 41 41 41 41 41 41 41 41  2  2 41 41 41 41  9  9  9  1  1  1  1 
 9  9  9  9  9  9  9  9  9  9  9  9  9  9  9  9  9  9  9  9  9  9  9  9  9  9  9  9  9  9  9  9  9  9  9  9  9  9  9  9  9  9  9  9  9  9  9  9  9  9  9  9 55 55 55 55 55 55 55 55 55 55 55 55  8  8  8  8  8  8  8  8  8  8  8  8  8  8 41  1  1  1  2 41 41  2 41  2 41 41 41 41 41  9  9  1  1  1  1  1 
 9  9  9  9  9  9  9  9  9  9  9  9  9  9  9  9  9  9  9  9  9  9  9  9  9  9  9  9  9  9  9  9  9  9  9  9  9  9  9  9  9  9  9  9  9  9  9  9  9  9  9  9  9  9 55 55 55 55 55 55 55 55 55  8  8  8  8  8  8  8  8  8  8  8  8  8  8  8  8  8 41 41 41 41 41 41 41 41 41 41 41 41  9  9  1  1  1  1  1  1 
 9  9  9  9  9  9  9  9  9  9  9  9  9  9  9  9  9  9  9  9  9  9  9  9  9  9  9  9  9  9  9  9  9  9  9  9  9  9  9  9  9  9  9  9  9  9  9  9  9  9  9  9  9  9  9 55 55 55 55 55 55 55 55  8  8  8  8  8  8  8  8  8  8  8  8  8  8  8  8  8  8 41  1  1 41 41 41 41 41 41 41 41  9  9  1  1  1  1  1  1 
14 14 14  9  9  9  9  9  9  9  9  9  9  9  9  9  9  9  9  9  9  9  9  9  9  9  9  9  9  9  9  9  9  9  9  9  9  9  9  9  9  9  9  9  9  9  9  9  9  9  9  9  9  9  9  9  9 55 55 55 55 55 55  8  8  8  8  8  8  8  8  8  8  8  8  8  8  8  8  8  8  8  8 41 41 41 41 41 41 41 41  9  9 21 21  1  1  1  1  1 
14 14 14 14 14 14  9  9  9  9  9  9  9  9  9  9  9  9  9  9  9  9  9  9  9  9  9  9  9  9  9  9  9  9  9  9  9  9  9  9  9  9  9  9  9  9  9  9  9  9  9  9  9  9  9  9  9  9  9 55 55 55  8  8  8  8  8  8  8  8  8  8  8  8  8  8  8  8  8  8  8  8  8  8  8  1  1  1 41 41  9  9 21  1  1  1  1  1  1  1 
14 14 14 14 14 14 14  9  9  9  9  9  9  9  9  9  9  9  9  9  9  9  9  9  9  9  9  9  9  9  9  9  9  9  9  9  9  9  9  9  9  9  9  9  9  9  9  9  9  9  9  9  9  9  9  9  9  9  9  9  9  9  9  9  8  8  8  8  8  8  8  8  8  8  8  8  8  8  8  8  8  8  8  8  8  8  9  9  9  9  9  9 21  1  1  1  1  1  1  1 
14 14 14 14 14 14 14 14 14  9  9  9  9  9  9  9  9  9  9  9  9  9  9  9  9  9  9  9  9  9  9  9  9  9  9  9  9  9  9  9  9  9  9  9  9  9  9  9  9  9  9  9  9  9  9  9  9  9  9  9  9  9  9  9  9  8  8  8  8  8  8  8  8  8  8  8  8  8  8  8  8  8  8  8  8  8  9  9  9  9  9 21 21  1  1  1  1  1  1  1 
14 14 14 14 14 14 14 14 14 14 14  9  9  9  9  9  9  9  9  9  9  9  9  9  9  9  9  9  9  9  9  9  9  9  9  9  9  9  9  9  9  9  9  9  9  9  9  9  9  9  9  9  9  9  9  9  9  9  9 23 23 23 23  9  9  9  8  8  8  8  8  8  8  8  8  8  8  8  8  8  8  8  8  8  8  8  8  9  9  9 21 21 21 21 12 12  1  1  1  1 
14 14 14 14 14 14 14 14 14 14 14 14 14  9  9  9  9  9  9  9  9  9  9  9  9  9  9  9  9  9  9  9  9  9  9  9  9  9  9  9  9  9  9  9  9  9  9  9  9  9  9  9  9  9  9  9  9  9 23 23 23 23 23 23  9  9 23  9  8  8  8  8  8  8  8  8  8  8  8  8  8  8  8  8  8  8  8  9  9 21 21 21 21 21 21 12  1  1  1  1 
14 14 14 14 14 14 14 14 14 14 14 14 14 14  9  9  9  9  9  9  9  9  9  9  9  9  9  9  9  9  9  9  9  9  9  9  9  9  9  9  9  9  9  9  9  9  9  9  9  9  9  9  9  9  9  9  9 23 23 23 23 23 23 23 23 23 23 23 23  9  8  8  8  8  8  8  8  8  8  8  8  8  8  8  8  8  8 21 21 21 21 21 21 21 21 12 12 12  1  1 
14 14 14 14 14 14 14 14 14 14 14 14 14 14 14 14  9  9  9  9  9  9  9  9  9  9  9  9  9  9  9  9  9  9  9  9  9  9  9  9  9  9  9  9  9  9  9  9  9  9  9  9  9  9  9  9  9  9 23 23 23 23 23 23 23 23 23 23 23 23 23  9  8  8  8  8  8  8  8  8  8  8  8  8  8  8  8 21 21 21 21 21 21 21 21 21 21 21 12 12 
14 14 14 14 14 14 14 14 14 14 14 14 14 14 14 14 14 14  9  9  9  9  9  9  9  9  9  9  9  9  9  9  9  9  9  9  9  9  9  9  9  9  9  9  9  9  9  9  9  9  9  9  9  9  9  9 23 23 23 23 23 23 23  9 23  9 23 23 23 23 23 23 23  8  8  8  8  8  8  8  8  8  8  8  8  8 21 21 21 21 21 29 29 29 29 21 21 21 21 21 
14 14 14 14 14 14 14 14 14 14 14 14 14 14 14 14 14 14 14 14 23  9  9  9  9  9  9  9  9  9  9  9  9  9  9  9  9  9  9  9  9  9  9  9  9  9  9  9  9  9  9  9  9  9  9  9 23 23 23  9 23  9 23  9 23  9 23 23 23 23 23 23 23 23 23  8  8  8  8  8  8  8  8  8  8  8 21 21 21 21 21 21 21 29 29 29 29 29 29 21 
14 14 14 14 14 14 14 14 14 14 14 14 14 14 14 14 14 14 14 14 14  9  9  9  9  9  9  9  9  9  9  9  9  9  9  9  9  9  9  9  9  9  9  9  9  9  9  9  9  9  9  9  9  9  9  9  9  9 23  9 23  9 23  9 23  9 23  9 23 23 23 23 23 23 23 23 23  8  8  8  8  8  8  8  8  8 21 21 21 21 21 21 21 21 29 21 29 29 29 29 
14 14 14 14 14 14 14 14 14 14 14 14 14 14 14 14 14 14 14 14 14 14  9  9  9  9  9  9  9  9  9  9  9  9  9  9  9  9  9  9  9  9  9  9  9  9  9  9  9  9  9  9  9  9  9  9 23  9  9  9 23  9 23  9 23  9 23  9  9  9 23 23 23 23 23 23 23 23 23  8  8  8  8  8  9 21 21 21 21 21 21 21 21 29 21 29 29 21 29 21 
55 55 55 14 14 14 14 14 14 14 14 14 14 14 14 14 14 14 14 14 14 14  9  9  9  9  9  9  9  9  9  9  9  9  9  9  9  9  9  9  9  9  9  9  9  9  9  9  9  9  9  9  9  9  9  9 23  9  9  9  9  9 23  9 23  9 23  9 23  9 23 23 23 23 23 23 23 23 23 23 23  9  9  9  1 21 21 21 21 21 21 21 21 21 21 21 21 21 29 29 
55 55 55 55 55 14 14 14 14 14 14 14 14 14 14 14 14 14 14 14 14 14 14  9  9  9  9  9  9  9  9  9  9  9  9  9  9  9  9  9  9  9  9  9  9  9  9  9  9  9  9  9  9  9  9 23 23  9  9  9  9  9  9  9 23  9  9  9 23 23 23 23 23 23 23 23 23 23 23 23 23  9  9  9 12 21 21 21 21 21 21 21 21 21 21 21 21 29 29 29 
55 55 55 55 55 55 14 14 14 14 14 14 14 14 14 14 14 14 14 14 14 14  9  9  9  9  9  9  9  9  9  9  9  9  9  9  9  9  9  9  9  9  9  9  9  9  9  9  9  9  9  9  9  9 23 23 23  9  9  9  9  9  9  9  9  9  9  9 23 23 23 23 23 23 23 23 23 23 23 23 23 23 23  9 21 21 21 21 21 21 21 21 21 21 21 21 21 21 29 29 
21 21 21 21 55 55 55 55 14 14 14 14 14 14 14 14 14 14 14 14 14 14  9  9  1  1  1  9  9  9  9  9  9  9  9  9  9  9  9  9  9  9  9  9  9  9  9  9  9  9  9  9  9  9 23 23  9  9  9  9  9  9  9  9  9  9 23  9 23  9 23 23 23 23 23 23 23 23 23 23 23 23 23 23 21 21 21 21 21 21 21 21 21 21 21 21 21 21 21 21 
21 21 21 21 21 21 55 55 55  9 14 14 14 14 14 14 14 14 14 14 14  9  9  1  1  1  1  1  9  9  9  9  9  9  9  9  9  9  9  9  9  9  9  9  9  9  9  9  9  9  9  9 23  9 23  9  9  9  9  9  9  9  9  9  9  9  9  9  9 23 23 23 23 23 23 23 23 23 23 23 23 23 23 23 21 21 21 21 21 21 21 21 21 21 21 21 21 21 21 21 
21 21 21 21 21 21 21 21 55 55 55  9 14 14 14 14 14 14 14 14 14  9  9  1  1  1  1  2  1  1  9  9  9  9  9  9  9  9  9  9  9  9  9  9  9  9  9  9  9  9  9  9 23 23 23  9  9  9  9  9  9  9  9  9  9  9  9  9  9  9 23 23 23 23 23 23 23 23 23 23 23 23 23  9  9  9 21 21 21 21 21 21 21 21 21 21 21 21 21 21 
21 21 21 21 21 21 21 21 21 21 55 55 55  9 14 14 14 14 14  9  9  9  1  1  1  1  1  1  1  1  1  1  9  9  9  9  9  9  9  9  9  9  9  9  9  9  9  9  9  9 23 23 23 23 23 23  9  9  9  9  9  9  9  9  9  9  9  9  9 23 23 23 23 23 23 23 23 23 23 23 23 23 23  9  9  9 23 23 21 21 21 21 21 12 21 21 21 21 21 21 
21  1 12 21 21 21 21 21 21 21 21 21 55 55 55  9 14 14  9  9  9  9  1  1  2  2  2  2  1  1  1  1  2  2  9  9  9  9  9  9  9  9  9  9  9  9  9  9  9  9 23 23 23 23 23 23  9  9  9  9  9  9  9  9  9  9  9  9 23 23  9 23 23 23 23 23 23 23 23 23 23 23  9  9  9  9  9 23 23 23 21 21 21 21 21 21 21 21 21 21 
21 21 21 21 21 21 21 21 21 21 21 21 21 55 55 55 55  9  9  9  9  2  1  2  1  2  2  2  2  1  1  2  2  1  1  1  9  9  9  9  9  9  9  9  9  9  9  9  9  9 23 23 23 23 23  9  9  9  9  9  9  9  9  9  9  9  9 23 23 23  9 23 23 23 23 23 23 23 23 23 23  9  9  9  9  9  9  9  9 23 23 23 21 21 21 21 21 21 21 21 
21 21 21 21 21 21 21 21 21 21 21 21 21 21 55 55 55  9  9  9  9  2  2  2  2  2  2  2  2  2  2  2  2  2  2  2  2  9  9  9  9  9  9  9  9  9  9  9  9  9 23 23 23 23 23 23  9  9  9  9  9  9  9  9  9  9  9 23 23 23 23 23 23 23 23 23 23 23 23 23 23  9  9  9  9  9  9  9  9  9 23 23 23 21 21 21 21 21 21 21 
21 21 21 21 21 21 21 21 21 21 21 21 21 21 55 55 55 55  9  9  9  2  2  2  2  2  2  2  2  2  2  2  2  2  2  2  1  2  2  2  9  9  9  9  9  9  9  9  9  9 23 23 23 23 23  9  9  9  9  9  9  9  9  9 23 23 23 23 23 23 23  9 23  9 23 23 23 23 23 23 23  9  9  9  9  9  9  9  9  9  9  9 23 23 23 21 21 21 21 21 
21 21 21 21 21 21 21 21 21 21 21 21 21 21 21 21 55  9  9  9  2  2  2  2  2  2  2  2  2  2  2  2  2  2  2  2  2  2  2  2  2  9  9  9  9  9  9  9  9  9 23 23 23 23 23 23  9  9  9  9  9  9  9  9  9  9 23  9 23 23 23 23 23 23 23 23 23 23 23 23 23 23 23 23  9  9  9  9  9  9  9  9  9  9 23 23 23 21 21 21 
21 21 21 21 21 21 21 21 21 21 21 21 21 21 21 21 55  9  9  2  2  2  2  2  2  2  2  2  2  1  2  2  2  2  2  2  2  2  2  2  2  1  2  2  9  9  9  9  9 23 23 23 23 23  9 23  9  9  9  9  9  9 23  9  9 23 23 23 23 23 23 23 23 23  9 23 23 23 23 23 23 23 23 23 23 23  9  9  9  9  9  9  9  9  9  9 23 23 23 21 
21 21 21 21 21 21 21 21 21 21 21 21 21 21 21 21  9  9  9  2  2  2  2  2  2  2  2  2  2  1  2  2  2  2  2  2  2  2  2  2  1  2  2  1  1  9  9  9 23 23 23 23 23 23 23 23 23  9  9  9  9  9 23  9 23 23  9 23 23  9 23 23 23 23 23 23 23 23 23 23 23 23 23 23 23 23 23 23 23 23  9  9  9  9  9  9  9  9 23 23 
21 21 21 21 21 21 21 21 21 21 21 21 21 21 21 21  9  9  2  2  2  2  2  2  2  2  2  2  2  2  2  2  2  2  2  2  2  2  2  2  2  2  1  1  1  9  9  9 23 23 23 23 23 23 23  9  9  9  9  9  9  9 23  9 23  9 23 23 23 23 23 23 23 23 23 23 23 23 23 23 23 23 23 23 23 23 23 23 23 23  9 23  9  9  9  9  9  9  9  9 
41 41 41 21 21 21 21 21 21 21 21 21 21 21 21  9  9  2  2  2  2  2  2  2  2  2  2  2  2  2  2  2  2  2  2  2  2  2  2  2  2  2  1  1  1  9  9 10 10 23 23 23 23 23 23 23  9 23  9  9  9  9 23  9 23 23 23 23 23  9 23 23 23 23 23 23 23 23 23 23 23 23 23 23 23 23 23 23 23 23 23 23 23 23  9  9  9  9  9  9 
41 41 41 41 41  3 21 21 21 21 21 21 21 21  9  9  2  2  2  2  2  2  2  2  2  2  2  2  2  2  2  2  2  2  2  2  2  2  2  2  2  2  1  1  1  9 10 10 10 10 23 23 23 23 23 23 23 23 23  9  9  9  9  9 23 23 23 23 23 23 23 23 23 23 23 23 23 23 23 23 23 23 23 23 23 23 23 23 23 23 23 23 23 23  9  9  9  9  9  9 
41 41 41 41 41 41  3 21 21 21 21 21 21 21  9  9 55  2  2  2  2  2  2  2  2  2  2  2  2  2  2  2  2  2  2  2  2  2  2  2  2  2  1  1  9 10 10 10 10 10 10 10 23 23 23 23 23 23 23 23  9  9  9  9  9 23 23 23 23 23 23 23 23 23 23 23 23 23 23 23 23 23 23 23 23 23 23 23 23 23 23 23 23 23 23 23 23  9  9  9 
41 41 41 41 41 41 41  3  1 21 21 21 55 55  9  2  2  2  2  2  2  2  2  2  2  2  2  2  2  2  2  2  2  2  2  2  2  2  2  2  2  1  1  9  9 10 10 10 10 10 10 10 10 10 23 23 23 23 23 23 23  9  9  9  9  9 23 23 23 23 23 23 23 23 23 23  9  9 23 23 23 23 23 23 23 23 23 23 23 23 23 23 23 23 23 23 23 23 23 23 
41 41 41 41 41 41 41 41  3 21 21 55 55  9  9  2  2  2  2  2  2  2  2  2  2  2  2  2  2  2  2  2  2  2  2  2  2  2  2  2  1  1  9  9 10 10 10 10 10 10 10 10 10 10 10 23 23 23 23 23 23 23 23  9  9  9  9 23 23 23 23 23 23 23 23  9  9  9  9  9 23 23 23 23 23 23 23 23 23 23 23 23 23 23 23 23 23 23 23 23 
41 41 41 41 41 41 41  3  3  3 55 55 55 55 55  2  2  2  2  2  2  2  2  2  2  2  2  2  2  2  2  2  2  2  2  2  2  2  2  1  1  1  9  9  9 10 10 10 10 10 10 10 10 10 10 10 10 23 23 23 23 23 23  9  9  9 23  9 23 23 23 23 23 23  9  9  9  9  9  9  9 23 23 23 23 23 23 23 23 23 23 23 23 23 23 23 23 23 23 23 
41 41 41 41 41 41 29 29  3  3 55 55 55 55 55  2  2  2  2  2  2  2  2  2  2  2  2  2  2  2  2  2  2  2  2  2  2  2  2  1  9  9  9  9 10 10 10 10 10 10 10 10 10 10 10 10 10 10 10 23 23 23 23 23 23 23  9 23 23 23 23 23 23 23  9  9  9  9  9  9  9  9  9 23 23 23 23 23 23 23 23 23 23 23 23 23 23 23 23 23 
29 41 41 41 29 29 29 29 29 29 55 55 55 55 55 55 55 55  2  2  2  2  2  2  2  2  2  2  2  2  2  2  2  2  2  2  2  2  2  1  9  9  9  9 10 10 10 10 10 10 10 10 10 10 10 10 10 10 10 10 10 10 23 23 23 23 23 23 23 23 23 23 23  9  9  9  9  9  9  9  9  9  9  9 23 23 23 23 23 23 23 23 23 23 23 23 23 23 23 23 
41 41 29 41 29 29 29 29 29 29 29 55 55 55 55 55 55 55 55  2  2  2  2  2  2  2  2  2  2  2  2  2  2  2  2  2  2  2  9  9  9  9  9  9 10 10 10 10 10 10 10 10 10 10 10 10 10 10 10 10 10 10 10  9 23 23 23 23 23 23 23 23  9  9  9  9  9  9  9  9  9  9  9  9  9 23 23 23 23 23 23 23 23 23 23 23 23 23 23 23 
41 41 29 29 29 29 29 29 29 29 29 55 55 55 55 55 55 55 55 55  2  2  2  2  2  2  2  2  2  2  2  2  2  2  2  2  2  1  9  9  9  9  9  9 10 10 10 10 10 10 10 10 10 10 10 10 10 10 10 10 10 10 10 10 10 23 23 23 23 23 23  9  9  9  9  9  9  9  9  9  9  9  9  9  9  9  9 23 23 23 23 23 23 23 23 23 23 23 23 23 
41 41 29 29 29 29 29 29 29 29 55 55 55 55 55 55 55 55 55 55 55 55  2  2  2  2  2  2  2  2  2  2  2  2  2  2  2  9  9  9  9  9 10 10 10 10 10 10 10 10 10 10 10 10 10 10 10 10 10 10 10 10 10 10 10 10 10 23 23 23 23  9  9  9  9  9  9  9  9  9  9  9  9  9  9  9  9  9 23 23 23 23 23 23 23 23 23 23 23 23 
29 29 29 29 29 29 29 29 29 69 55 29 29 29 55 55 55 55 55 55 55 55 55  1  9  1  2  2  2  2  2  2  2  2  2  1  1  1  9  9  9  9 10 10 10 10 10 10 10 10 10 10 10 10 10 10 10 10 10 10 10 10 10 10 10 10 10 10 10  9  9  9  9  9  9  9  9  9  9  9  9  9  9  9  9  9  9  9  9  9 23 23 23 23 23 23 23 23 23 23 
29 29 29 29 29 29 29 29 55 55 55 55 29 29 55 55 55 55 55 55 55 55 55 55  1  1  9  9  9  9  9  2  2  2  1  1  1  9  9  9  9 10 10 10 10 10 10 10 10 10 10 10 10 10 10 10 10 10 10 10 10 10 10 10 10 10 10 10 10 10 14 14 55 55  9  9  9  9  9  9  9  9  9  9  9  9  9  9  9  9  9  9 23 23 23 23 23 23 23 23 
29 29 29 29 29 29 29 55 55 55 55 55 55 29 29 29 55 55 55 55 55 55 55 55 55  1  1  1  9  9  9  2  2  1  1  1  1  9  9  9  9 10 10 10 10 10 10 10 10 10 10 10 10 10 10 10 10 10 10 10 10 10 10 10 10 14 14 14 14 14 14 14 55 55 29 29 29 29  9  9  9  9  9  9  9  9  9  9  9  9  9  9  9  9 23 23 23 23 23 23 
29 29 29 29 29 29 55 55 55 55 55 14 55 14 14 14 29 14 39 55 55 55 55 55 55 55 55 55  1  9  9  9  9  1  1  1  9  9  9  9 10 10 10 10 10 10 10 10 10 10 10 10 10 10 10 10 10 10 10 10 10 10 10 10 10 14 14 14 14 14 14 39 55 29 29 29 29 29 29 29  9  9  9  9  9  9  9  9  9  9  9  9  9  9  9 23 23 23 23 23 
29 29 29 29 29 29 55 55 55 55 55 55 55 14 14 14 14 14 29  1  1 55 55 55 55 55 55 55 55  1  9  1  1  1  1  9  9  9  9 10 10 10 10 10 10 10 10 10 10 10 10 10 10 10 10 10 10 10 10 10 10 10 10 10 10 14 14 14 14 14 14 39 55 29 29 29 29 29 29 29 29  9  9  9  9  9  9  9  9  9  9  9  9  9  9  9  9  9 23  9 
 3  3  3 29 29 55 55 55 55 55 55 55 55 14 14 14 14 14 29 14 14 14 55 55 55 55 55 55 55 55  1  1  9  9  9  9  9  9 10 10 10 10 10 10 10 10 10 10 10 10 10 10 10 10 10 10 10 10 10 10 10 10 10 10 10 14 14 14 14 10 39  2 55  2 29 29 29 29 29 29 29 29 29  9  9  9  9  9  9  9  9  9  9  9  9  9  9  9  9  9 
 3  3  3  3 55 55 55 55 55 55 55 55 55 55 14 14 14 14 14  1  1  1  1 55 55 55 55 55 55 55 55 55 55  9  9  9  9  9 14 10 10 10 10 10 10 10 10 10 10 10 10 10 10 10 10 10 10 10 10 10 10 10 10 10 14 14 14 14 10  2  2  2  2  2  2 29 29 29 29 29 29 29 29 29  9  9  9  9  9  9  9  9  9  9  9  9  9  9  9  9 
 3 14  3  3 55 55 55 55 55 55 55 55 55 55 55 14 14 14 29 14  1 14 14 14 55 55 55 55 55 55 55 55 55 55 55  9  9  9 14 14 10 10 10 10 10 10 10 10 10 10 10 10 10 10 10 10 10 10 10 10 10 10 10 14 14 14 14 14 14 39 39  2  2  2  2  2  2 29 29 29 29 29 29 29 29 29  9  9  9  9  9  9  9  9  9  9  9  9  9  9 
 3  3  3  3 55 55 55 55 55 55 55 55 55 55 55 55 14 14 14  1  1  1 29 29 55 55 55 55 55 55 55 55 55 55 55  9  9 14 14 10 10 10 10 10 10 10 10 10 10 10 10 10 10 10 10 10 10 10 10 10 10 10 10 14 14 14 14 14 10 39  2  2  2  2  2  2  2 29 29 29 29 29 29 29 29 29  9  9  9  9  9  9  9  9  9  9  9  9  9  9 
